4 -3887
4 -3730
4 -4050
4 -4240
4 -4430
4 -4640
4 -4840
4 -5040
3 -5222
3 -5418
3 -5638
3 -5808
3 -5320
3 -5529
3 -5726
3 -5910
2 -6108
2 -6004
2 -6056
2 -5952
2 -6381
2 -6581
2 -6241
2 -6171
2 -6309
2 -6477
2 -6420
2 -6524
2 -6337
2 -6268
2 -6192
2 -6128
1 -6885
2 -6970
3 -7060
4 -7154
3 -7243
2 -7335
1 -7430
2 -7523
3 -7613
4 -7702
3 -7794
1 -7887
2 -7981
4 -8069
3 -8161
1 -8251
2 -8343
4 -8436
3 -8527
2 -8617
1 -8711
2 -8801
3 -8895
4 -8988
3 -9082
2 -9177
1 -9272
4 -9364
2 -9455
3 -9547
4 -9638
2 -9730
1 -9820
4 -9910
2 -10001
3 -10094
4 -10184
3 -10276
2 -10365
1 -10459
2 -10550
3 -10645
4 -10740
2 -10830
1 -10927
3 -11016
4 -11109
2 -11199
1 -11291
3 -11381
4 -11475
3 -11567
1 -11660
2 -11750
3 -11840
4 -11932
3 -12023
2 -12118
1 -12210
2 -12304
3 -12397
4 -12489
4 -12669
3 -12759
1 -12850
2 -12942
3 -12942
1 -13032
4 -13032
2 -13123
3 -13123
2 -12577
2 -12760
4 -12848
4 -13215
3 -13304
2 -13395
1 -13489
2 -13582
3 -13673
4 -13768
3 -13858
2 -13950
1 -14040
1 -12668
3 -12576
2 -14129
4 -14222
3 -14313
1 -14405
2 -14498
4 -14590
3 -14681
1 -14775
2 -14867
3 -14962
4 -15059
3 -15153
2 -15245
1 -15336
2 -15427
3 -15520
4 -15615
1 -15706
3 -15797
2 -15891
1 -15985
3 -16081
4 -16175
1 -16270
3 -16363
2 -16454
1 -16545
2 -16634
3 -16729
4 -16823
3 -16915
2 -17011
1 -17102
3 -17198
4 -17290
2 -17380
1 -17474
3 -17565
4 -17654
2 -17744
1 -17835
2 -17928
4 -18021
3 -18113
2 -18206
1 -18300
2 -18394
3 -18489
4 -18583
3 -18673
2 -18764
1 -18857
1 -18951
4 -18951
3 -19042
2 -19042
1 -19135
4 -19135
3 -19225
2 -19225
1 -19320
4 -19320
3 -19404
2 -19404
1 -19496
2 -19496
3 -19496
4 -19496
