1 -406
2 -457
3 -511
4 -566
3 -616
2 -668
1 -720
2 -769
3 -823
4 -875
3 -923
2 -977
1 -1028
2 -1163
3 -1362
2 -1546
1 -1546
4 -1546
3 -1694
4 -2236
3 -2236
1 -2236
4 -3544
3 -3596
2 -3646
1 -3699
2 -3751
3 -3804
4 -3856
3 -3911
2 -3963
1 -4015
2 -4064
3 -4114
4 -4166
3 -4283
2 -4420
1 -4605
2 -4566
2 -4754
1 -5510
3 -5510
4 -5510
2 -5510
2 -7522
2 -5191
1 -5191
4 -5191
3 -7572
4 -7625
3 -7676
2 -7730
1 -7784
2 -7838
3 -7891
4 -7941
3 -7993
2 -8046
1 -8101
2 -8155
3 -8312
3 -8805
4 -8625
2 -8625
1 -8625
4 -9235
3 -9235
1 -9235
3 -10548
4 -10598
3 -10652
2 -10706
1 -10757
2 -10809
3 -10862
4 -10914
3 -10964
2 -11014
1 -11065
2 -11117
3 -11174
4 -11441
3 -11524
1 -12551
2 -12551
3 -12551
4 -12551
3 -11766
4 -12196
2 -12196
1 -12196
1 -406
2 -457
3 -511
4 -566
3 -616
2 -668
1 -720
2 -769
3 -823
4 -875
3 -923
2 -977
1 -1028
2 -1163
3 -1362
2 -1546
1 -1546
4 -1546
3 -1694
4 -2236
3 -2236
1 -2236
4 -3544
3 -3596
2 -3646
1 -3699
2 -3751
3 -3804
4 -3856
3 -3911
2 -3963
1 -4015
2 -4064
3 -4114
4 -4166
3 -4283
2 -4420
1 -4605
2 -4566
2 -4754
1 -5510
3 -5510
4 -5510
2 -5510
2 -7522
2 -5191
1 -5191
4 -5191
3 -7572
4 -7625
3 -7676
2 -7730
1 -7784
2 -7838
3 -7891
4 -7941
3 -7993
2 -8046
1 -8101
2 -8155
3 -8312
3 -8805
4 -8625
2 -8625
1 -8625
4 -9235
3 -9235
1 -9235
3 -10548
4 -10598
3 -10652
2 -10706
1 -10757
2 -10809
3 -10862
4 -10914
3 -10964
2 -11014
1 -11065
2 -11117
3 -11174
4 -11441
3 -11524
1 -12551
2 -12551
3 -12551
4 -12551
3 -11766
4 -12196
2 -12196
1 -12196
