2 -3377
2 -3550
1 -2866
4 -3086
2 -3711
3 -4056
4 -4055
1 -4055
4 -4240
1 -4456
3 -4778
1 -5536
4 -5536
2 -5685
4 -5916
1 -6160
1 -6343
1 -6516
1 -6676
2 -3867
3 -4941
3 -5101
4 -7122
2 -7382
3 -7662
3 -8016
3 -8188
3 -7842
2 -8549
4 -8794
3 -9044
3 -5285
3 -9207
3 -9570
3 -9372
4 -9808
2 -9971
1 -10225
2 -10540
3 -11196
1 -12592
4 -12792
3 -12961
1 -8340
1 -11430
2 -11714
2 -10725
2 -10907
2 -11055
3 -11962
3 -12096
3 -12243
3 -12421
2 -13282
1 -13282
2 -13506
1 -13506
1 -13742
2 -13739
2 -13937
1 -13937
