4 -2384
1 -2600
3 -2932
4 -3038
1 -3282
3 -3282
2 -3576
1 -3862
3 -3862
2 -4072
3 -4172
4 -4262
2 -2831
2 -4385
4 -4385
2 -4865
2 -5105
3 -5374
3 -4620
3 -5553
4 -5612
3 -5723
2 -5853
2 -6363
3 -6555
3 -6744
4 -6787
3 -6955
1 -8307
2 -8567
4 -8834
3 -9095
2 -9332
1 -9522
2 -9575
1 -9651
2 -9751
3 -7246
2 -7288
1 -7391
2 -11066
1 -11496
1 -7756
2 -7959
3 -8027
4 -8104
4 -10288
3 -10516
2 -10706
3 -10755
2 -11340
4 -12284
3 -12369
4 -12735
3 -12986
2 -13041
3 -13133
2 -12545
4 -13444
3 -13591
1 -14015
2 -14158
2 -11587
3 -11683
4 -14390
3 -14643
3 -15007
2 -15112
1 -15557
2 -15704
2 -16073
3 -16195
4 -16548
3 -16674
2 -17008
3 -17144
2 -17348
1 -17668
2 -17911
3 -17996
4 -18083
1 -18230
3 -18230
4 -5848
4 -2384
1 -2600
3 -2932
4 -3038
1 -3282
3 -3282
2 -3576
1 -3862
3 -3862
2 -4072
3 -4172
4 -4262
2 -2831
2 -4385
4 -4385
2 -4865
2 -5105
3 -5374
3 -4620
3 -5553
4 -5612
3 -5723
2 -5853
2 -6363
3 -6555
3 -6744
4 -6787
3 -6955
1 -8307
2 -8567
4 -8834
3 -9095
2 -9332
1 -9522
2 -9575
1 -9651
2 -9751
3 -7246
2 -7288
1 -7391
2 -11066
1 -11496
1 -7756
2 -7959
3 -8027
4 -8104
4 -10288
3 -10516
2 -10706
3 -10755
2 -11340
4 -12284
3 -12369
4 -12735
3 -12986
2 -13041
3 -13133
2 -12545
4 -13444
3 -13591
1 -14015
2 -14158
2 -11587
3 -11683
4 -14390
3 -14643
3 -15007
2 -15112
1 -15557
2 -15704
2 -16073
3 -16195
4 -16548
3 -16674
2 -17008
3 -17144
2 -17348
1 -17668
2 -17911
3 -17996
4 -18083
1 -18230
3 -18230
4 -5848
